50
GQ374044_Paronellidae_sp.              0.0000000 0.0026838 1.1323134 1.0740576 1.0866147 1.0550009 1.0866147 0.4069507 0.0167340 0.0140612 0.6399943 0.6367100 0.6399943 1.3670470 0.6898081 0.6625959 0.7550965 0.7106586 0.6541058 0.6625959 0.6887568 1.1187409 0.6775204 0.8336916 1.1175653 1.0938974 1.0938974 0.7331405 1.0329139 0.8934075 1.0329139 1.0445825 1.2681926 0.5990294 1.1049357 0.8192327 0.7990971 0.8249898 0.8905805 1.1725849 1.3333280 1.1719659 0.8326987 1.0386735 1.0386735 0.0027848 0.5883282 0.6190598 1.7351566 1.7911356 
GQ374045_Paronellidae_sp.              0.0026838 0.0000000 1.1021771 1.0116842 1.0238408 0.9935752 1.0238408 0.3678362 0.0294067 0.0112309 0.6820630 0.6787594 0.6820630 1.3632404 0.7301256 0.6790493 0.7877532 0.7236144 0.6704117 0.6790493 0.7056680 1.0752707 0.6673129 0.8448305 1.1039134 1.0112100 1.0112100 0.7263812 0.9909731 0.9484070 0.9909731 1.0539671 1.1748717 0.6341664 1.0913858 0.8582641 0.8085288 0.8501500 0.9456374 1.1614552 1.2385385 1.1605910 0.8594440 1.0581468 1.0581468 0.0000010 0.6117140 0.6340907 1.8021020 1.9208500 
MT357826_Trogolaphysa_sp.              1.1323134 1.1021771 0.0000000 0.0292124 0.0266489 0.0296434 0.0266489 1.1878241 1.1739517 1.1744296 0.9429758 0.9400751 0.9429758 1.1944879 1.1181333 0.9705585 1.0823741 1.0946868 0.9587056 0.9705585 1.0084531 1.0509168 1.2415114 0.9686084 1.1511677 1.3759360 1.3759360 1.1300084 1.0511714 0.9570559 1.0511714 0.8569755 1.4237459 1.7946897 1.1511677 1.8896864 1.0648850 1.3392936 0.9542616 1.2608727 1.0701005 1.8238179 1.2136434 1.1838946 1.1838946 1.1187536 0.8644978 0.8749773 2.1919939 2.0177382 
MT357756_Trogolaphysa_sp.              1.0740576 1.0116842 0.0292124 0.0000000 0.0019632 0.0040156 0.0019632 1.1649911 1.1151288 1.0924156 0.9495704 0.9467327 0.9495704 1.2704289 0.9527543 0.8754632 1.0385533 0.9025902 0.8649878 0.8754632 0.9083302 0.9227963 1.1757948 0.8834634 0.9936145 1.3114927 1.3114927 0.9981142 0.9039340 0.9128774 0.9039340 0.8172050 1.3976977 1.6220488 0.9936145 1.7388506 1.0086140 1.3373027 0.9101067 1.1545112 1.0261498 1.6088751 1.0812471 1.1236263 1.1236263 1.0479770 0.8719966 0.8713653 2.0821710 1.6981273 
MT357695_Trogolaphysa_sp.              1.0866147 1.0238408 0.0266489 0.0019632 0.0000000 0.0019860 0.0000010 1.1776894 1.1275309 1.1048319 0.9296543 0.9267875 0.9296543 1.2843520 0.9638789 0.8754632 1.0505365 0.9133248 0.8649878 0.8754632 0.9083302 0.9034004 1.1883943 0.8939970 1.0050089 1.3248159 1.3248159 1.0094597 0.9150196 0.8944908 0.9150196 0.8007296 1.4119128 1.6220488 1.0050089 1.7543128 1.0211610 1.3516454 0.8917006 1.1663964 1.0055195 1.6088751 1.0812471 1.1019311 1.1019311 1.0605620 0.8531412 0.8528131 2.0987923 1.7170371 
MT357597_Trogolaphysa_sp.              1.0550009 0.9935752 0.0296434 0.0040156 0.0019860 0.0000000 0.0019860 1.1451277 1.0960563 1.0734625 0.9461407 0.9433014 0.9461407 1.2477471 0.9364525 0.8909661 1.0206022 0.8870268 0.8803335 0.8909661 0.9244171 0.8764677 1.1559822 0.9281991 0.9880942 1.3464000 1.3464000 1.0263004 0.8986991 0.8791173 0.8986991 0.7774807 1.3883102 1.5817121 0.9880942 1.7073854 0.9899498 1.3283630 0.8763042 1.1847147 0.9770404 1.5688279 1.0992643 1.1419168 1.1419168 1.0290334 0.8688952 0.8683156 2.1377161 1.7909001 
MT357612_Trogolaphysa_sp.              1.0866147 1.0238408 0.0266489 0.0019632 0.0000010 0.0019860 0.0000000 1.1776894 1.1275309 1.1048319 0.9296543 0.9267875 0.9296543 1.2843520 0.9638789 0.8754632 1.0505365 0.9133248 0.8649878 0.8754632 0.9083302 0.9034004 1.1883943 0.8939970 1.0050089 1.3248159 1.3248159 1.0094597 0.9150196 0.8944908 0.9150196 0.8007296 1.4119128 1.6220488 1.0050089 1.7543128 1.0211610 1.3516454 0.8917006 1.1663964 1.0055195 1.6088751 1.0812471 1.1019311 1.1019311 1.0605620 0.8531412 0.8528131 2.0987923 1.7170371 
KM978391_Callyntrura_guangdongensis    0.4069507 0.3678362 1.1878241 1.1649911 1.1776894 1.1451277 1.1776894 0.0000000 0.4581719 0.4667256 0.7795628 0.7764951 0.7795628 1.4233155 1.0199647 0.8336879 0.9711909 1.0080863 0.8238676 0.8336879 0.8642406 1.0637043 0.9589748 0.9844829 1.0228552 1.0828595 1.0828595 0.7685374 0.9738904 1.0869313 0.9738904 1.0058925 1.1407590 0.9157827 1.0228552 1.0843047 0.7692575 0.7741806 1.0845246 1.6031721 0.9437313 0.9930409 1.1747899 1.2189451 1.2189451 0.3708271 0.7298764 0.7816857 1.8977292 1.9642689 
GQ374046_Paronellidae_sp.              0.0167340 0.0294067 1.1739517 1.1151288 1.1275309 1.0960563 1.1275309 0.4581719 0.0000000 0.0575822 0.7216858 0.7184779 0.7216858 1.4286134 0.7896375 0.8066101 0.8310048 0.8111818 0.7968474 0.8066101 0.8369321 1.0814458 0.7292471 0.9352691 1.1839246 1.1218212 1.1218212 0.8239259 1.0518857 1.0136937 1.0518857 1.1010960 1.3715312 0.7086278 1.1709330 0.9968881 0.9408166 0.9978082 1.0111736 1.2146241 1.5121508 1.3655380 0.8868461 1.0882365 1.0882365 0.0236963 0.6668610 0.6837999 1.8278125 2.0408730 
GQ374048_Paronellidae_sp.              0.0140612 0.0112309 1.1744296 1.0924156 1.1048319 1.0734625 1.1048319 0.4667256 0.0575822 0.0000000 0.7513405 0.7481054 0.7513405 1.3192394 0.7261144 0.7380955 0.8442940 0.7470122 0.7289875 0.7380955 0.7662169 1.0522768 0.7294974 0.8355624 1.0413774 1.1443348 1.1443348 0.7630019 0.9502531 0.9507532 0.9502531 1.0735107 1.3212391 0.6119998 1.0294807 0.8435723 0.8226908 0.8744512 0.9480374 1.1732070 1.3162606 1.1590425 0.8606123 1.0583679 1.0583679 0.0055402 0.6787880 0.7125804 1.8138561 1.8125362 
GQ374050_Paronellidae_sp.              0.6399943 0.6820630 0.9429758 0.9495704 0.9296543 0.9461407 0.9296543 0.7795628 0.7216858 0.7513405 0.0000000 0.0000010 0.0000010 1.5407891 1.2487667 0.7241427 1.2562984 1.1987922 0.7151301 0.7241427 0.7519405 1.2005597 0.7521862 1.1344691 1.4304921 1.1530767 1.1530767 0.9194146 1.3433445 1.0569263 1.3433445 1.1562013 1.2737192 1.0499353 1.4158943 1.4008104 1.0791930 1.1486773 1.0767957 1.4088591 1.3804148 1.8318966 1.2949312 1.1201237 1.1201237 0.6740299 0.0000010 0.0021515 1.1861446 2.0132439 
GQ374052_Paronellidae_sp.              0.6367100 0.6787594 0.9400751 0.9467327 0.9267875 0.9433014 0.9267875 0.7764951 0.7184779 0.7481054 0.0000010 0.0000000 0.0000010 1.5545673 1.2466975 0.7210599 1.2541853 1.1965163 0.7120512 0.7210599 0.7488456 1.1984521 0.7589322 1.1454666 1.4293126 1.1640052 1.1640052 0.9163545 1.3418002 1.0360307 1.3418002 1.1538650 1.2718121 1.0473850 1.4146458 1.3994875 1.0766267 1.1461306 1.0555162 1.4075709 1.3789988 1.8037780 1.2930513 1.1174789 1.1174789 0.6706697 0.0000010 0.0021515 1.1835863 2.0159682 
GQ374053_Paronellidae_sp.              0.6399943 0.6820630 0.9429758 0.9495704 0.9296543 0.9461407 0.9296543 0.7795628 0.7216858 0.7513405 0.0000010 0.0000010 0.0000000 1.5407891 1.2487667 0.7241427 1.2562984 1.1987922 0.7151301 0.7241427 0.7519405 1.2005597 0.7521862 1.1344691 1.4304921 1.1530767 1.1530767 0.9194146 1.3433445 1.0569263 1.3433445 1.1562013 1.2737192 1.0499353 1.4158943 1.4008104 1.0791930 1.1486773 1.0767957 1.4088591 1.3804148 1.8318966 1.2949312 1.1201237 1.1201237 0.6740299 0.0000010 0.0021515 1.1861446 2.0132439 
PV843549_Troglobius_brasiliensis       1.3670470 1.3632404 1.1944879 1.2704289 1.2843520 1.2477471 1.2843520 1.4233155 1.4286134 1.3192394 1.5407891 1.5545673 1.5407891 0.0000000 1.6292170 1.2918872 1.5171187 1.5786376 1.2785391 1.2918872 1.3379525 1.2404788 1.1489133 1.1950732 1.1975105 1.3944221 1.3944221 1.2339367 1.1777792 1.1110909 1.1777792 1.3711613 1.3068142 1.4525372 1.1975105 1.2715782 0.9680720 1.3760791 1.1308464 1.1282123 1.1745946 1.0618398 1.5217399 1.2475758 1.2475758 1.3485364 1.4920287 1.5889150 1.6063109 1.7320916 
OM613812_Paronellidae_sp.              0.6898081 0.7301256 1.1181333 0.9527543 0.9638789 0.9364525 0.9638789 1.0199647 0.7896375 0.7261144 1.2487667 1.2466975 1.2487667 1.6292170 0.0000000 0.7251334 0.0579531 0.0083357 0.7161861 0.7251334 0.7527384 0.9111914 1.2767677 0.9989061 0.8153327 0.8868627 0.8868627 1.0285597 0.8551520 0.9777177 0.8551520 1.0064638 1.3387353 0.9806160 0.8153327 1.1022399 0.9548384 1.2710924 0.9751809 1.4830320 1.6920245 1.1306494 0.8880757 0.6264056 0.6264056 0.7510626 1.2127980 1.1847113 1.6693552 1.8840865 
GQ374054_Paronellidae_sp.              0.6625959 0.6790493 0.9705585 0.8754632 0.8754632 0.8909661 0.8754632 0.8336879 0.8066101 0.7380955 0.7241427 0.7210599 0.7241427 1.2918872 0.7251334 0.0000000 0.7319088 0.7376206 0.0020259 0.0000010 0.0020272 0.9820573 0.8875610 0.8350290 0.9225944 1.0332652 1.0332652 0.7666019 0.8995404 0.9713669 0.8995404 0.7988966 0.9283418 0.9077180 0.9225944 1.0214412 0.8761664 0.9389182 0.9688331 1.1748784 1.3565841 1.3651738 0.6751806 0.6111103 0.6111103 0.7179591 0.7060454 0.7203492 1.3638352 1.9146931 
OM593862_Paronellidae_sp.              0.7550965 0.7877532 1.0823741 1.0385533 1.0505365 1.0206022 1.0505365 0.9711909 0.8310048 0.8442940 1.2562984 1.2541853 1.2562984 1.5171187 0.0579531 0.7319088 0.0000000 0.0651533 0.7226467 0.7319088 0.7605314 0.9090477 1.3078048 1.0642918 0.9328579 1.0732009 1.0732009 1.1875007 0.8799439 1.1956674 0.8799439 0.9740926 1.5133603 0.9191152 0.9328579 1.1694569 0.9954688 1.2741120 1.1935803 1.6363489 1.8297817 1.3364313 0.8884087 0.6195688 0.6195688 0.8324424 1.2691003 1.2928408 1.7282282 1.9510900 
OM559919_Paronellidae_sp.              0.7106586 0.7236144 1.0946868 0.9025902 0.9133248 0.8870268 0.9133248 1.0080863 0.8111818 0.7470122 1.1987922 1.1965163 1.1987922 1.5786376 0.0083357 0.7376206 0.0651533 0.0000000 0.7286273 0.7376206 0.7653786 0.8657918 1.2975661 0.9790200 0.8035831 0.9167892 0.9167892 0.9751278 0.8103156 0.9973542 0.8103156 0.9743916 1.2986079 0.9696079 0.8035831 1.0568892 0.9560594 1.2547912 0.9948824 1.5365309 1.6832423 1.1523475 0.8482374 0.5756153 0.5756153 0.7621295 1.1880010 1.1226625 1.5603566 1.8950012 
GQ374055_Paronellidae_sp.              0.6541058 0.6704117 0.9587056 0.8649878 0.8649878 0.8803335 0.8649878 0.8238676 0.7968474 0.7289875 0.7151301 0.7120512 0.7151301 1.2785391 0.7161861 0.0020259 0.7226467 0.7286273 0.0000000 0.0020259 0.0041104 0.9716615 0.8779671 0.8253407 0.9122567 1.0215543 1.0215543 0.7881142 0.8896143 0.9608073 0.8896143 0.7894915 0.9178374 0.8976305 0.9122567 1.0102322 0.8661183 0.9279988 0.9582538 1.1620513 1.3423878 1.3515308 0.6668369 0.6270652 0.6270652 0.7087410 0.6970506 0.7112150 1.3479923 1.8957296 
GQ374056_Paronellidae_sp.              0.6625959 0.6790493 0.9705585 0.8754632 0.8754632 0.8909661 0.8754632 0.8336879 0.8066101 0.7380955 0.7241427 0.7210599 0.7241427 1.2918872 0.7251334 0.0000010 0.7319088 0.7376206 0.0020259 0.0000000 0.0020272 0.9820573 0.8875610 0.8350290 0.9225944 1.0332652 1.0332652 0.7666019 0.8995404 0.9713669 0.8995404 0.7988966 0.9283418 0.9077180 0.9225944 1.0214412 0.8761664 0.9389182 0.9688331 1.1748784 1.3565841 1.3651738 0.6751806 0.6111103 0.6111103 0.7179591 0.7060454 0.7203492 1.3638352 1.9146931 
GQ374057_Paronellidae_sp.              0.6887568 0.7056680 1.0084531 0.9083302 0.9083302 0.9244171 0.9083302 0.8642406 0.8369321 0.7662169 0.7519405 0.7488456 0.7519405 1.3379525 0.7527384 0.0020272 0.7605314 0.7653786 0.0041104 0.0020272 0.0000000 1.0152135 0.9175899 0.8651810 0.9552383 1.0711072 1.0711072 0.7935353 0.9307313 1.0049731 0.9307313 0.8280681 0.9615654 0.9394808 0.9552383 1.0575346 0.9076071 0.9735377 1.0024888 1.2178595 1.4067475 1.4132940 0.7008606 0.6328433 0.6328433 0.7464144 0.7337840 0.7485372 1.4198539 1.9925340 
MT357788_Salina_maculiflora            1.1187409 1.0752707 1.0509168 0.9227963 0.9034004 0.8764677 0.9034004 1.0637043 1.0814458 1.0522768 1.2005597 1.1984521 1.2005597 1.2404788 0.9111914 0.9820573 0.9090477 0.8657918 0.9716615 0.9820573 1.0152135 0.0000000 1.0500298 1.0000098 0.1556383 1.0081243 1.0081243 1.1838139 0.0452517 1.0180711 0.0452517 1.2686270 1.1750449 1.1981365 0.1514907 1.3495405 1.0538330 1.4080831 1.0156937 1.0999627 1.0504760 1.2624610 1.2724551 1.2605493 1.2605493 1.0302222 1.1583309 1.1970028 2.4480602 2.0913678 
KJ716828_Paronellidae_sp.              0.6775204 0.6673129 1.2415114 1.1757948 1.1883943 1.1559822 1.1883943 0.9589748 0.7292471 0.7294974 0.7521862 0.7589322 0.7521862 1.1489133 1.2767677 0.8875610 1.3078048 1.2975661 0.8779671 0.8875610 0.9175899 1.0500298 0.0000000 0.9168695 1.0042616 0.9586240 0.9586240 0.7175663 1.0329508 1.1050841 1.0329508 0.8517306 0.8202479 1.3212157 0.9928992 0.8337772 1.0676683 0.9819491 1.1230041 1.5115490 1.0082461 1.0488842 1.1441177 1.1984172 1.1984172 0.6979887 0.7109066 0.7838816 1.5275971 1.7681877 
KM978343_Akabosia_matsudoensis         0.8336916 0.8448305 0.9686084 0.8834634 0.8939970 0.9281991 0.8939970 0.9844829 0.9352691 0.8355624 1.1344691 1.1454666 1.1344691 1.1950732 0.9989061 0.8350290 1.0642918 0.9790200 0.8253407 0.8350290 0.8651810 1.0000098 0.9168695 0.0000000 1.0213368 0.9799379 0.9799379 0.9208694 1.0813871 0.7660716 1.0813871 1.1056211 1.2546963 0.9620321 1.0213368 1.1587312 1.0267368 0.8948344 0.7788343 1.5827881 0.9327273 0.9944594 1.0246294 1.1138943 1.1138943 0.8085043 1.0450234 1.0347994 1.7567885 1.6713309 
MT357708_Paronella_sp.                 1.1175653 1.1039134 1.1511677 0.9936145 1.0050089 0.9880942 1.0050089 1.0228552 1.1839246 1.0413774 1.4304921 1.4293126 1.4304921 1.1975105 0.8153327 0.9225944 0.9328579 0.8035831 0.9122567 0.9225944 0.9552383 0.1556383 1.0042616 1.0213368 0.0000000 1.0393759 1.0393759 1.1318635 0.1333706 1.0598131 0.1333706 1.3562337 1.2503481 1.1761526 0.0020167 1.3885188 1.1743731 1.2518323 1.0575623 1.0718956 0.9272801 1.3015846 1.1203507 0.9459767 0.9459767 1.0312682 1.3298087 1.3663060 2.0892492 1.7699430 
KM978369_Salina_sp.                    1.0938974 1.0112100 1.3759360 1.3114927 1.3248159 1.3464000 1.3248159 1.0828595 1.1218212 1.1443348 1.1530767 1.1640052 1.1530767 1.3944221 0.8868627 1.0332652 1.0732009 0.9167892 1.0215543 1.0332652 1.0711072 1.0081243 0.9586240 0.9799379 1.0393759 0.0000000 0.0000010 0.9483357 0.9913202 1.1771209 0.9913202 1.3464543 1.2606759 1.3559594 1.0286142 1.1513768 0.8643203 1.6951122 1.1750658 1.5071631 1.0436685 0.9566037 1.1796690 1.4908458 1.4908458 1.0301695 1.1075858 1.0726999 1.9667614 2.2933186 
KM978394_Salina_celebensis             1.0938974 1.0112100 1.3759360 1.3114927 1.3248159 1.3464000 1.3248159 1.0828595 1.1218212 1.1443348 1.1530767 1.1640052 1.1530767 1.3944221 0.8868627 1.0332652 1.0732009 0.9167892 1.0215543 1.0332652 1.0711072 1.0081243 0.9586240 0.9799379 1.0393759 0.0000010 0.0000000 0.9483357 0.9913202 1.1771209 0.9913202 1.3464543 1.2606759 1.3559594 1.0286142 1.1513768 0.8643203 1.6951122 1.1750658 1.5071631 1.0436685 0.9566037 1.1796690 1.4908458 1.4908458 1.0301695 1.1075858 1.0726999 1.9667614 2.2933186 
KM978406_Cyphoderopsis_sp.             0.7331405 0.7263812 1.1300084 0.9981142 1.0094597 1.0263004 1.0094597 0.7685374 0.8239259 0.7630019 0.9194146 0.9163545 0.9194146 1.2339367 1.0285597 0.7666019 1.1875007 0.9751278 0.7881142 0.7666019 0.7935353 1.1838139 0.7175663 0.9208694 1.1318635 0.9483357 0.9483357 0.0000000 1.0961344 1.0236733 1.0961344 1.0520493 0.9231874 0.8757217 1.1318635 1.1160612 0.9913564 0.8651997 1.0212508 0.9464034 1.1425759 1.2045623 1.0098492 0.9943253 0.9943253 0.7529891 0.8670640 0.8720675 1.7216666 1.6816627 
MT357660_Paronella_sp.                 1.0329139 0.9909731 1.0511714 0.9039340 0.9150196 0.8986991 0.9150196 0.9738904 1.0518857 0.9502531 1.3433445 1.3418002 1.3433445 1.1777792 0.8551520 0.8995404 0.8799439 0.8103156 0.8896143 0.8995404 0.9307313 0.0452517 1.0329508 1.0813871 0.1333706 0.9913202 0.9913202 1.0961344 0.0000000 0.9621602 0.0000010 1.1306414 0.9511908 1.2372340 0.1294591 1.1672834 0.9843935 1.2777915 0.9596961 1.0026544 1.0938648 1.3462150 1.2528007 1.1891250 1.1891250 0.9461838 1.3020620 1.3426366 2.1234345 2.1104370 
MT357642_Cyphoderus_sp.                0.8934075 0.9484070 0.9570559 0.9128774 0.8944908 0.8791173 0.8944908 1.0869313 1.0136937 0.9507532 1.0569263 1.0360307 1.0569263 1.1110909 0.9777177 0.9713669 1.1956674 0.9973542 0.9608073 0.9713669 1.0049731 1.0180711 1.1050841 0.7660716 1.0598131 1.1771209 1.1771209 1.0236733 0.9621602 0.0000000 0.9621602 0.9591747 1.0270108 1.0415716 1.0489668 1.1645565 0.8443350 0.9152252 0.0000010 1.0515066 1.0857104 1.2668427 1.3041817 1.1621748 1.1621748 0.8890249 0.9570581 0.9742542 1.5110703 1.5051523 
MT357630_Paronella_sp.                 1.0329139 0.9909731 1.0511714 0.9039340 0.9150196 0.8986991 0.9150196 0.9738904 1.0518857 0.9502531 1.3433445 1.3418002 1.3433445 1.1777792 0.8551520 0.8995404 0.8799439 0.8103156 0.8896143 0.8995404 0.9307313 0.0452517 1.0329508 1.0813871 0.1333706 0.9913202 0.9913202 1.0961344 0.0000010 0.9621602 0.0000000 1.1306414 0.9511908 1.2372340 0.1294591 1.1672834 0.9843935 1.2777915 0.9596961 1.0026544 1.0938648 1.3462150 1.2528007 1.1891250 1.1891250 0.9461838 1.3020620 1.3426366 2.1234345 2.1104370 
KY052898_Paronellides_praefectus       1.0445825 1.0539671 0.8569755 0.8172050 0.8007296 0.7774807 0.8007296 1.0058925 1.1010960 1.0735107 1.1562013 1.1538650 1.1562013 1.3711613 1.0064638 0.7988966 0.9740926 0.9743916 0.7894915 0.7988966 0.8280681 1.2686270 0.8517306 1.1056211 1.3562337 1.3464543 1.3464543 1.0520493 1.1306414 0.9591747 1.1306414 0.0000000 0.8292606 1.2274580 1.3562337 1.1184075 0.8165202 1.0655891 0.9564804 1.2346947 1.2525069 1.3540530 1.1385278 1.2176833 1.2176833 1.0403484 1.1966823 1.1963183 1.4829035 2.0920761 
KY052899_Zhuqinia_jingwanae            1.2681926 1.1748717 1.4237459 1.3976977 1.4119128 1.3883102 1.4119128 1.1407590 1.3715312 1.3212391 1.2737192 1.2718121 1.2737192 1.3068142 1.3387353 0.9283418 1.5133603 1.2986079 0.9178374 0.9283418 0.9615654 1.1750449 0.8202479 1.2546963 1.2503481 1.2606759 1.2606759 0.9231874 0.9511908 1.0270108 0.9511908 0.8292606 0.0000000 1.3649750 1.2380797 1.3107502 1.2317315 1.3475319 1.0450644 1.4160602 1.3217901 1.2513332 1.5733962 1.4688879 1.4688879 1.2079328 1.2074599 1.1974915 1.7223276 2.1923078 
MG036988_Paronellidae_sp.              0.5990294 0.6341664 1.7946897 1.6220488 1.6220488 1.5817121 1.6220488 0.9157827 0.7086278 0.6119998 1.0499353 1.0473850 1.0499353 1.4525372 0.9806160 0.9077180 0.9191152 0.9696079 0.8976305 0.9077180 0.9394808 1.1981365 1.3212157 0.9620321 1.1761526 1.3559594 1.3559594 0.8757217 1.2372340 1.0415716 1.2372340 1.2274580 1.3649750 0.0000000 1.1637307 1.1425961 1.1567123 1.3054059 1.0392022 1.2399051 1.2161263 0.9381872 1.0364150 0.9446516 0.9446516 0.6271858 1.0203656 1.0288086 1.8564285 1.7269321 
MT357591_Paronella_sp.                 1.1049357 1.0913858 1.1511677 0.9936145 1.0050089 0.9880942 1.0050089 1.0228552 1.1709330 1.0294807 1.4158943 1.4146458 1.4158943 1.1975105 0.8153327 0.9225944 0.9328579 0.8035831 0.9122567 0.9225944 0.9552383 0.1514907 0.9928992 1.0213368 0.0020167 1.0286142 1.0286142 1.1318635 0.1294591 1.0489668 0.1294591 1.3562337 1.2380797 1.1637307 0.0000000 1.3743228 1.1619147 1.2518323 1.0466895 1.0593457 0.9165068 1.2885328 1.1203507 0.9459767 0.9459767 1.0190563 1.3153818 1.3519398 2.0892492 1.7516904 
MK510940_-_cox1_CDS_Cyphoderus_sp.     0.8192327 0.8582641 1.8896864 1.7388506 1.7543128 1.7073854 1.7543128 1.0843047 0.9968881 0.8435723 1.4008104 1.3994875 1.4008104 1.2715782 1.1022399 1.0214412 1.1694569 1.0568892 1.0102322 1.0214412 1.0575346 1.3495405 0.8337772 1.1587312 1.3885188 1.1513768 1.1513768 1.1160612 1.1672834 1.1645565 1.1672834 1.1184075 1.3107502 1.1425961 1.3743228 0.0000000 0.8761290 1.1490721 1.1625233 1.1368082 1.2258530 0.8593164 0.9025735 1.0539383 1.0539383 0.8878590 1.3783135 1.3441197 1.4770516 1.4631029 
MK431896_-_COX1_CDS_Cyphoderus_albinus 0.7990971 0.8085288 1.0648850 1.0086140 1.0211610 0.9899498 1.0211610 0.7692575 0.9408166 0.8226908 1.0791930 1.0766267 1.0791930 0.9680720 0.9548384 0.8761664 0.9954688 0.9560594 0.8661183 0.8761664 0.9076071 1.0538330 1.0676683 1.0267368 1.1743731 0.8643203 0.8643203 0.9913564 0.9843935 0.8443350 0.9843935 0.8165202 1.2317315 1.1567123 1.1619147 0.8761290 0.0000000 1.3627137 0.8585524 1.2165537 0.8708288 0.9515417 0.9708468 0.8998874 0.8998874 0.7845348 1.0769186 1.0256782 1.6048559 1.5042906 
KM978346_Callyntrura_sp.               0.8249898 0.8501500 1.3392936 1.3373027 1.3516454 1.3283630 1.3516454 0.7741806 0.9978082 0.8744512 1.1486773 1.1461306 1.1486773 1.3760791 1.2710924 0.9389182 1.2741120 1.2547912 0.9279988 0.9389182 0.9735377 1.4080831 0.9819491 0.8948344 1.2518323 1.6951122 1.6951122 0.8651997 1.2777915 0.9152252 1.2777915 1.0655891 1.3475319 1.3054059 1.2518323 1.1490721 1.3627137 0.0000000 0.9314822 1.6127129 1.3375948 1.4978810 1.3993846 1.2498980 1.2498980 0.8179739 1.0902335 1.0818501 1.7964696 2.0166245 
MT357663_Cyphoderus_sp.                0.8905805 0.9456374 0.9542616 0.9101067 0.8917006 0.8763042 0.8917006 1.0845246 1.0111736 0.9480374 1.0767957 1.0555162 1.0767957 1.1308464 0.9751809 0.9688331 1.1935803 0.9948824 0.9582538 0.9688331 1.0024888 1.0156937 1.1230041 0.7788343 1.0575623 1.1750658 1.1750658 1.0212508 0.9596961 0.0000010 0.9596961 0.9564804 1.0450644 1.0392022 1.0466895 1.1625233 0.8585524 0.9314822 0.0000000 1.0688717 1.0834344 1.2878195 1.3026000 1.1600038 1.1600038 0.8861027 0.9751028 0.9925360 1.5416141 1.5358518 
MW193969_Troglobius_albertinoi         1.1725849 1.1614552 1.2608727 1.1545112 1.1663964 1.1847147 1.1663964 1.6031721 1.2146241 1.1732070 1.4088591 1.4075709 1.4088591 1.1282123 1.4830320 1.1748784 1.6363489 1.5365309 1.1620513 1.1748784 1.2178595 1.0999627 1.5115490 1.5827881 1.0718956 1.5071631 1.5071631 0.9464034 1.0026544 1.0515066 1.0026544 1.2346947 1.4160602 1.2399051 1.0593457 1.1368082 1.2165537 1.6127129 1.0688717 0.0000000 1.1385716 1.0783834 1.3860617 1.5701358 1.5701358 1.1597754 1.3601297 1.3215699 1.8789983 2.0866549 
KM978393_Pseudoparonella_tanimbarensis 1.3333280 1.2385385 1.0701005 1.0261498 1.0055195 0.9770404 1.0055195 0.9437313 1.5121508 1.3162606 1.3804148 1.3789988 1.3804148 1.1745946 1.6920245 1.3565841 1.8297817 1.6832423 1.3423878 1.3565841 1.4067475 1.0504760 1.0082461 0.9327273 0.9272801 1.0436685 1.0436685 1.1425759 1.0938648 1.0857104 1.0938648 1.2525069 1.3217901 1.2161263 0.9165068 1.2258530 0.8708288 1.3375948 1.0834344 1.1385716 0.0000000 0.7675845 1.0805230 1.2076358 1.2076358 1.2001160 1.2654689 1.3303020 2.3397772 1.9103597 
KM978366_Pseudoparonella_sp.           1.1719659 1.1605910 1.8238179 1.6088751 1.6088751 1.5688279 1.6088751 0.9930409 1.3655380 1.1590425 1.8318966 1.8037780 1.8318966 1.0618398 1.1306494 1.3651738 1.3364313 1.1523475 1.3515308 1.3651738 1.4132940 1.2624610 1.0488842 0.9944594 1.3015846 0.9566037 0.9566037 1.2045623 1.3462150 1.2668427 1.3462150 1.3540530 1.2513332 0.9381872 1.2885328 0.8593164 0.9515417 1.4978810 1.2878195 1.0783834 0.7675845 0.0000000 1.5124287 1.5737565 1.5737565 1.2306939 1.7032764 1.6622563 2.3015226 1.8080762 
MT357800_Cyphoderus_similis            0.8326987 0.8594440 1.2136434 1.0812471 1.0812471 1.0992643 1.0812471 1.1747899 0.8868461 0.8606123 1.2949312 1.2930513 1.2949312 1.5217399 0.8880757 0.6751806 0.8884087 0.8482374 0.6668369 0.6751806 0.7008606 1.2724551 1.1441177 1.0246294 1.1203507 1.1796690 1.1796690 1.0098492 1.2528007 1.3041817 1.2528007 1.1385278 1.5733962 1.0364150 1.1203507 0.9025735 0.9708468 1.3993846 1.3026000 1.3860617 1.0805230 1.5124287 0.0000000 0.3219268 0.3219268 0.8373630 1.2589959 1.2367272 1.6399559 1.1788880 
MT357744_Cyphoderus_similis            1.0386735 1.0581468 1.1838946 1.1236263 1.1019311 1.1419168 1.1019311 1.2189451 1.0882365 1.0583679 1.1201237 1.1174789 1.1201237 1.2475758 0.6264056 0.6111103 0.6195688 0.5756153 0.6270652 0.6111103 0.6328433 1.2605493 1.1984172 1.1138943 0.9459767 1.4908458 1.4908458 0.9943253 1.1891250 1.1621748 1.1891250 1.2176833 1.4688879 0.9446516 0.9459767 1.0539383 0.8998874 1.2498980 1.1600038 1.5701358 1.2076358 1.5737565 0.3219268 0.0000000 0.0000010 0.9891122 1.0869133 1.0826225 1.3538540 1.2295114 
MT357620_Cyphoderus_similis            1.0386735 1.0581468 1.1838946 1.1236263 1.1019311 1.1419168 1.1019311 1.2189451 1.0882365 1.0583679 1.1201237 1.1174789 1.1201237 1.2475758 0.6264056 0.6111103 0.6195688 0.5756153 0.6270652 0.6111103 0.6328433 1.2605493 1.1984172 1.1138943 0.9459767 1.4908458 1.4908458 0.9943253 1.1891250 1.1621748 1.1891250 1.2176833 1.4688879 0.9446516 0.9459767 1.0539383 0.8998874 1.2498980 1.1600038 1.5701358 1.2076358 1.5737565 0.3219268 0.0000010 0.0000000 0.9891122 1.0869133 1.0826225 1.3538540 1.2295114 
GQ374047_Paronellidae_sp.              0.0027848 0.0000010 1.1187536 1.0479770 1.0605620 1.0290334 1.0605620 0.3708271 0.0236963 0.0055402 0.6740299 0.6706697 0.6740299 1.3485364 0.7510626 0.7179591 0.8324424 0.7621295 0.7087410 0.7179591 0.7464144 1.0302222 0.6979887 0.8085043 1.0312682 1.0301695 1.0301695 0.7529891 0.9461838 0.8890249 0.9461838 1.0403484 1.2079328 0.6271858 1.0190563 0.8878590 0.7845348 0.8179739 0.8861027 1.1597754 1.2001160 1.2306939 0.8373630 0.9891122 0.9891122 0.0000000 0.6062770 0.6288466 1.6855596 1.8762814 
GQ374049_Paronellidae_sp.              0.5883282 0.6117140 0.8644978 0.8719966 0.8531412 0.8688952 0.8531412 0.7298764 0.6668610 0.6787880 0.0000010 0.0000010 0.0000010 1.4920287 1.2127980 0.7060454 1.2691003 1.1880010 0.6970506 0.7060454 0.7337840 1.1583309 0.7109066 1.0450234 1.3298087 1.1075858 1.1075858 0.8670640 1.3020620 0.9570581 1.3020620 1.1966823 1.2074599 1.0203656 1.3153818 1.3783135 1.0769186 1.0902335 0.9751028 1.3601297 1.2654689 1.7032764 1.2589959 1.0869133 1.0869133 0.6062770 0.0000000 0.0000010 1.2023327 1.9756861 
GQ374051_Paronellidae_sp.              0.6190598 0.6340907 0.8749773 0.8713653 0.8528131 0.8683156 0.8528131 0.7816857 0.6837999 0.7125804 0.0021515 0.0021515 0.0021515 1.5889150 1.1847113 0.7203492 1.2928408 1.1226625 0.7112150 0.7203492 0.7485372 1.1970028 0.7838816 1.0347994 1.3663060 1.0726999 1.0726999 0.8720675 1.3426366 0.9742542 1.3426366 1.1963183 1.1974915 1.0288086 1.3519398 1.3441197 1.0256782 1.0818501 0.9925360 1.3215699 1.3303020 1.6622563 1.2367272 1.0826225 1.0826225 0.6288466 0.0000010 0.0000000 1.2113108 1.9716247 
MT357736_Cyphoderus_sp.                1.7351566 1.8021020 2.1919939 2.0821710 2.0987923 2.1377161 2.0987923 1.8977292 1.8278125 1.8138561 1.1861446 1.1835863 1.1861446 1.6063109 1.6693552 1.3638352 1.7282282 1.5603566 1.3479923 1.3638352 1.4198539 2.4480602 1.5275971 1.7567885 2.0892492 1.9667614 1.9667614 1.7216666 2.1234345 1.5110703 2.1234345 1.4829035 1.7223276 1.8564285 2.0892492 1.4770516 1.6048559 1.7964696 1.5416141 1.8789983 2.3397772 2.3015226 1.6399559 1.3538540 1.3538540 1.6855596 1.2023327 1.2113108 0.0000000 2.2255193 
MG318457_Brachystomella_parvula        1.7911356 1.9208500 2.0177382 1.6981273 1.7170371 1.7909001 1.7170371 1.9642689 2.0408730 1.8125362 2.0132439 2.0159682 2.0132439 1.7320916 1.8840865 1.9146931 1.9510900 1.8950012 1.8957296 1.9146931 1.9925340 2.0913678 1.7681877 1.6713309 1.7699430 2.2933186 2.2933186 1.6816627 2.1104370 1.5051523 2.1104370 2.0920761 2.1923078 1.7269321 1.7516904 1.4631029 1.5042906 2.0166245 1.5358518 2.0866549 1.9103597 1.8080762 1.1788880 1.2295114 1.2295114 1.8762814 1.9756861 1.9716247 2.2255193 0.0000000 
